term_out.txt

Below is the output of running the program a multitude of ways.


Andress-MacBook-Air:HW10 andresquinones$ make cleanall
rm -f AQ-UNIX-HW10.o matrix.o AQ-UNIX-HW10 
Andress-MacBook-Air:HW10 andresquinones$ make
make AQ-UNIX-HW10
gcc -c AQ-UNIX-HW10.c -o AQ-UNIX-HW10.o -Wall  
gcc -c matrix.c -o matrix.o -Wall  
gcc -o AQ-UNIX-HW10 AQ-UNIX-HW10.o matrix.o -Wall  
Andress-MacBook-Air:HW10 andresquinones$ ./AQ-UNIX-HW10 
Invalid Arguments
Usage: ./AQ-UNIX-HW10 [A_ROWS] [A_COLUMNS] [B_ROWS] [B_COLUMNS]
Andress-MacBook-Air:HW10 andresquinones$ ./AQ-UNIX-HW10 x x x x
Invalid Matrix sizes for multiply 
Andress-MacBook-Air:HW10 andresquinones$ ./AQ-UNIX-HW10 0 0 0 0
Invalid Matrix sizes for multiply 
Andress-MacBook-Air:HW10 andresquinones$ ./AQ-UNIX-HW10 5 5 5 5 
Fill A returned: 1
Fill B returned: 1
Matrix A:
3 7 6 2 5 
6 9 1 8 3 
3 9 1 6 4 
1 10 10 10 8 
5 9 1 4 6 

Matrix B:
2 10 3 9 5 
8 10 4 8 4 
2 3 1 7 2 
8 2 2 8 6 
3 8 7 6 2 

Matrix C:
105 162 82 171 77 
159 193 92 215 122 
140 167 86 178 97 
206 224 129 287 141 
134 199 102 192 99 
Andress-MacBook-Air:HW10 andresquinones$ ./AQ-UNIX-HW10 5 4 4 5
Fill A returned: 1
Fill B returned: 1
Matrix A:
9 6 8 7 
10 5 8 4 
3 7 9 3 
1 5 10 9 
2 8 1 7 

Matrix B:
6 7 3 3 2 
5 2 1 6 5 
3 9 1 4 4 
1 6 2 7 9 

Matrix C:
115 189 55 144 143 
113 176 51 120 113 
83 134 31 108 104 
70 161 36 136 148 
62 81 29 107 111 
Andress-MacBook-Air:HW10 andresquinones$ ./AQ-UNIX-HW10 20 20 20 20
Fill A returned: 1
Fill B returned: 1
Matrix A:
10 10 8 9 3 10 7 2 1 5 8 8 4 7 8 5 7 6 5 9 
7 2 3 5 9 2 10 4 9 10 9 2 1 7 5 9 1 9 10 8 
7 2 2 10 7 2 6 1 5 4 6 1 4 10 7 9 4 9 9 8 
5 10 9 4 7 6 10 9 7 10 8 1 8 6 8 8 5 4 2 6 
5 9 2 6 6 1 9 10 6 6 2 8 8 9 1 1 8 8 6 7 
7 7 8 2 2 5 4 3 9 4 1 7 9 4 1 10 8 9 6 10 
1 10 10 7 2 6 2 9 1 4 3 6 6 8 3 5 6 9 10 3 
6 2 8 8 9 5 3 6 2 7 5 4 2 1 3 5 7 3 4 4 
9 1 6 7 9 5 6 6 1 1 3 1 4 6 10 8 8 10 2 3 
3 6 2 8 8 6 2 4 9 10 4 7 1 5 10 10 3 7 9 2 
1 3 8 8 8 10 10 3 3 2 4 10 9 4 3 8 7 4 5 7 
2 4 10 1 8 2 6 10 4 2 10 1 10 7 3 2 2 1 4 8 
1 7 6 3 7 8 1 4 1 7 10 3 3 4 7 8 9 5 7 9 
10 4 2 6 1 10 3 2 3 9 8 9 6 9 1 2 3 8 6 1 
9 4 8 1 10 4 9 3 9 6 8 1 6 10 2 10 1 3 9 2 
6 1 10 9 2 1 1 7 5 10 10 2 1 7 4 8 9 2 6 7 
7 10 2 5 7 9 4 1 2 4 7 5 3 5 5 3 7 1 10 8 x
1 4 5 6 8 2 9 1 2 3 1 7 3 1 8 5 10 1 8 3 
8 6 9 1 9 5 7 9 3 2 4 2 7 7 5 2 4 5 5 7 
5 3 3 1 6 7 1 4 3 10 10 2 10 6 6 7 6 10 7 7 

Matrix B:
6 10 5 9 9 9 9 4 2 9 10 7 7 4 9 7 2 2 4 6 
5 5 9 1 10 10 4 5 10 8 5 9 8 4 1 3 8 10 6 5 
2 7 10 7 5 3 8 3 2 9 7 4 6 5 6 2 8 8 3 8 
2 9 9 5 10 2 5 2 4 1 1 2 3 3 10 10 5 6 4 6 
6 10 1 8 8 7 5 10 4 9 4 6 1 5 8 10 8 1 7 8 
1 4 9 6 2 4 5 2 7 1 9 2 10 5 3 5 5 3 4 4 
1 10 10 4 4 1 10 3 8 6 9 3 5 7 2 5 9 2 5 2 
4 10 10 9 6 2 10 4 2 10 4 7 6 2 5 7 7 5 1 10 
4 1 4 4 8 3 7 10 7 6 2 10 1 5 2 10 8 6 1 7 
2 1 1 3 4 4 2 5 4 5 9 1 4 4 9 9 10 10 7 4 
9 2 8 5 2 2 9 7 7 7 6 4 4 7 9 3 3 3 4 9 
2 6 8 9 1 7 10 2 8 5 6 5 1 7 6 7 6 3 4 4 
9 1 6 1 4 6 4 2 9 10 10 5 7 8 4 2 7 10 3 1 
6 6 9 10 9 7 10 1 9 10 4 1 2 4 7 8 10 5 9 2 
4 2 3 4 1 5 3 8 10 5 8 6 10 4 1 9 1 10 10 9 
4 8 4 2 1 6 9 9 7 3 6 7 1 8 7 10 1 6 3 4 
5 10 6 9 7 9 4 9 1 1 4 4 1 6 10 6 1 8 6 9 
4 1 3 2 4 4 10 5 2 3 8 7 4 9 10 3 7 6 6 2 
8 3 3 2 2 2 3 9 9 5 6 8 5 1 2 10 8 5 3 8 
1 2 1 5 8 5 8 2 3 4 1 8 10 5 7 1 5 10 8 9 

Matrix C:
527 728 836 708 703 684 893 598 766 728 808 662 709 680 794 775 735 791 693 763 
527 623 620 596 628 529 857 694 698 713 716 667 535 626 749 844 765 671 614 713 
510 601 595 563 620 537 774 607 657 625 636 599 508 581 722 777 650 656 603 644 
557 718 814 661 710 638 885 684 776 837 819 695 679 690 744 811 818 837 658 778 
508 673 728 641 706 603 824 554 664 738 664 639 529 599 701 728 789 708 581 651 
480 588 653 566 617 616 809 587 638 656 690 684 550 645 684 674 682 746 531 637 
480 599 737 565 581 540 742 519 640 654 650 582 544 545 642 666 711 708 523 634 
378 588 548 541 508 451 613 501 449 528 545 467 424 465 632 626 535 532 447 607 
452 670 615 601 564 539 744 565 540 603 657 546 507 567 690 697 550 594 559 628 
482 578 606 560 564 557 725 684 715 615 670 633 502 572 668 875 687 693 584 683 
452 682 745 620 565 555 802 549 689 632 696 574 543 649 681 711 695 660 554 642 
468 522 622 532 529 433 692 468 557 708 559 519 502 495 546 527 633 582 455 615 
481 551 605 556 530 554 690 614 623 589 635 577 557 568 677 666 601 701 584 708 
459 506 647 560 518 518 711 444 610 589 687 474 487 539 664 649 636 557 499 512 
552 642 666 593 605 547 810 644 703 772 722 617 495 594 656 779 741 605 534 640 
462 606 635 612 588 493 731 576 532 613 583 531 469 519 747 719 601 681 519 719 
470 569 609 551 572 564 645 549 648 584 612 563 555 502 593 661 599 610 553 648 
354 552 507 462 429 440 533 511 529 459 512 457 383 448 487 612 497 522 459 545 
476 626 658 605 605 537 752 519 586 729 657 587 572 535 605 620 672 617 532 648 
550 497 582 545 535 565 734 611 649 662 734 594 570 621 725 687 659 718 589 649 
Andress-MacBook-Air:HW10 andresquinones$ ./AQ-UNIX-HW10 20 20 20 20 1231231
Invalid Arguments
Usage: ./AQ-UNIX-HW10 [A_ROWS] [A_COLUMNS] [B_ROWS] [B_COLUMNS]
Andress-MacBook-Air:HW10 andresquinones$ 